Id	Sample_1540_DNA	Sample_1540_RNA	Sample_1541_DNA	Sample_1541_RNA	Sample_1542_DNA	Sample_1542_RNA	Sample_1543_DNA	Sample_1543_RNA	Sample_1544_DNA	Sample_1544_RNA
Bac1	8	0	7	0	3	0	3	0	5	0
Bac101	0	1	2	0	2	2	0	0	0	1
Bac102	2	0	0	0	5	0	1	0	2	0
Bac103	0	0	0	0	16	1	1	1	1	0
Bac104	9	4	2	11	14	12	5	13	8	7
Bac105	0	136	0	23	0	15	0	14	1	36
Bac106	4	8	0	4	5	10	1	7	3	8
Bac107	1	2	5	1	5	1	8	74	3	0
Bac108	1	1	2	0	4	0	0	0	4	0
Bac109	45	8	18	6	34	9	43	20	86	8
Bac11	432	141	171	102	469	179	330	112	736	136
Bac110	0	0	0	0	0	0	0	1	0	0
Bac111	4	0	3	0	9	1	6	1	8	0
Bac112	59	180	32	100	113	54	64	71	143	86
Bac113	0	0	0	0	0	0	0	0	0	0
Bac114	0	0	0	0	1	0	0	0	0	0
Bac115	0	0	0	0	0	0	0	0	1	0
Bac116	1	0	0	0	3	1	1	0	2	0
Bac117	0	0	0	0	0	1	0	2	0	0
Bac118	6	5	2	1	9	1	4	4	9	3
Bac119	0	0	0	0	0	0	0	0	0	0
Bac12	321	44	181	36	292	48	324	55	667	52
Bac120	0	0	0	1	1	0	0	1	0	0
Bac122	6	7	4	5	10	5	7	9	8	4
Bac124	11	3	6	6	20	1	16	7	30	7
Bac125	0	0	0	0	0	0	0	0	0	1
Bac128	2	3	0	0	13	5	5	0	4	0
Bac129	73	21	14	4	72	3	47	4	70	4
Bac130	0	0	0	0	0	0	0	0	0	0
Bac131	0	0	0	0	0	0	0	0	0	0
Bac132	1	2	2	1	12	1	3	0	6	2
Bac133	0	0	0	0	0	0	0	0	0	0
Bac134	14	6	8	5	18	1	13	3	30	11
Bac135	0	46	0	3	0	9	2	5	1	22
Bac14	2	6	0	1	0	0	1	0	1	1
Bac140	1	0	0	0	0	0	0	0	2	0
Bac141	3	1	0	0	4	1	1	0	4	0
Bac142	1	0	1	0	3	0	0	0	0	0
Bac144	0	0	0	0	0	0	0	0	0	0
Bac145	0	0	0	0	0	0	0	0	0	0
Bac146	0	0	0	0	0	0	0	0	0	0
Bac147	0	0	1	0	1	0	0	0	0	3
Bac148	0	0	1	0	4	0	1	0	3	0
Bac149	0	0	0	0	0	0	0	0	0	0
Bac15	15	4	6	2	89	3	15	2	39	3
Bac150	0	0	0	0	1	0	0	1	1	0
Bac151	21	7	8	1	20	0	12	4	35	3
Bac152	0	1	0	1	2	1	0	48	2	0
Bac153	0	0	2	0	1	0	1	2	2	0
Bac156	0	0	0	0	0	0	0	0	0	0
Bac157	17	2	8	5	32	5	10	10	35	7
Bac159	1	0	0	0	1	1	1	0	0	1
Bac16	0	0	0	0	4	0	0	0	0	0
Bac160	1	3	4	2	12	4	4	2	5	6
Bac161	3	0	2	1	0	0	4	41	1	0
Bac162	1	0	0	1	1	0	0	0	0	0
Bac163	8	2	2	1	9	1	3	0	12	4
Bac164	0	0	0	0	0	0	0	0	0	0
Bac165	0	0	0	0	0	0	0	0	0	0
Bac167	0	0	0	0	0	0	0	0	0	0
Bac168	0	0	0	0	0	0	0	0	0	0
Bac17	210	142	74	96	227	179	145	118	323	125
Bac170	0	0	0	0	0	0	0	0	0	0
Bac171	0	0	0	0	0	0	0	0	0	0
Bac173	0	0	0	0	0	0	0	0	0	0
Bac174	0	0	0	0	1	0	0	0	0	0
Bac175	0	2	0	0	0	0	0	0	0	0
Bac176	0	0	0	0	0	0	0	0	0	0
Bac177	0	0	0	0	0	0	0	0	0	0
Bac179	0	0	0	0	0	0	0	0	0	1
Bac18	7	21	7	13	27	48	11	13	16	12
Bac180	0	0	0	0	0	0	0	0	0	0
Bac181	0	0	0	0	0	0	0	0	0	0
Bac182	1	2	0	0	1	3	0	2	2	0
Bac183	0	0	0	0	0	0	0	0	0	0
Bac184	6	56	3	26	5	7	4	11	12	24
Bac185	0	0	0	0	0	0	0	0	0	0
Bac19	26	16	15	8	23	6	18	11	44	8
Bac190	0	0	0	0	0	0	0	0	0	0
Bac191	0	0	0	0	0	0	0	0	0	0
Bac192	1	0	0	0	1	0	0	0	0	0
Bac193	0	0	1	0	0	0	0	0	0	0
Bac194	0	0	0	0	0	0	0	0	0	0
Bac195	0	1	0	1	3	2	2	0	1	0
Bac196	3	5	3	2	1	0	2	4	1	3
Bac197	0	0	0	0	0	0	0	0	0	0
Bac198	3	1	1	0	1	0	0	6	2	2
Bac2	790	1620	354	982	1183	304	661	420	1542	1274
Bac20	239	103	124	27	407	12	231	29	475	52
Bac200	1	1	1	2	1	0	0	0	1	1
Bac202	0	0	0	0	0	0	0	0	0	0
Bac203	0	0	0	0	2	1	0	0	0	0
Bac205	0	1	0	0	1	0	0	0	4	0
Bac207	0	0	0	0	0	0	0	0	0	0
Bac208	0	0	0	0	0	0	0	0	0	0
Bac209	0	0	0	0	1	1	0	1	1	0
Bac21	382	202	106	142	516	249	264	190	579	160
Bac213	16	9	8	3	19	3	15	15	25	7
Bac214	2	0	4	0	5	0	5	0	7	0
Bac215	0	0	0	0	0	0	0	0	0	0
Bac216	0	0	0	0	0	0	0	0	0	0
Bac217	2	0	0	0	2	0	0	0	2	0
Bac218	0	0	0	0	0	0	0	0	0	0
Bac22	114	202	27	133	131	44	68	58	251	122
Bac220	0	0	0	1	0	0	0	2	1	0
Bac221	0	0	0	0	0	0	0	0	0	0
Bac222	0	0	0	0	0	0	0	0	0	0
Bac226	0	0	0	0	0	0	0	0	0	0
Bac227	1	0	0	0	0	0	0	1	4	3
Bac229	1	0	0	0	0	0	0	7	0	0
Bac230	0	0	0	0	0	0	0	0	0	0
Bac231	0	0	0	0	0	0	0	0	0	0
Bac232	0	0	0	0	0	0	0	0	0	0
Bac234	0	0	0	0	0	0	0	0	0	0
Bac235	0	0	0	0	0	0	0	0	0	0
Bac237	0	0	0	2	0	2	0	19	0	0
Bac238	0	0	0	0	0	0	1	0	0	0
Bac239	0	0	0	0	0	0	0	0	0	0
Bac24	0	0	2	0	2	0	0	0	0	0
Bac240	0	0	0	0	0	0	0	1	0	0
Bac241	2	2	2	1	4	0	4	1	8	1
Bac242	5	40	2	28	9	8	4	4	15	37
Bac243	1	0	0	1	3	0	6	1	6	0
Bac244	0	0	0	0	0	0	0	0	0	0
Bac245	0	10	0	0	0	0	0	1	1	3
Bac246	0	0	0	0	0	0	0	0	0	0
Bac247	0	0	0	0	0	1	0	0	0	0
Bac249	0	0	0	0	0	0	0	0	0	0
Bac251	0	0	0	0	0	0	0	0	0	0
Bac252	0	0	0	0	0	0	0	0	0	0
Bac253	0	0	0	0	0	0	0	0	1	0
Bac254	0	0	0	0	0	0	0	0	0	0
Bac256	0	0	0	0	0	0	0	0	0	0
Bac259	1	2	0	0	6	1	0	1	2	1
Bac26	2	5	0	2	6	3	0	2	1	0
Bac260	0	0	0	0	0	0	0	0	0	0
Bac261	0	0	0	0	0	0	0	0	0	0
Bac262	0	0	1	0	0	0	0	0	0	0
Bac263	0	0	0	0	0	0	0	0	0	0
Bac264	0	0	0	0	0	0	0	0	0	0
Bac265	0	0	0	0	0	2	0	17	0	0
Bac266	0	0	0	0	0	0	1	0	0	0
Bac267	1	1	2	0	4	0	2	0	4	0
Bac268	0	1	0	1	0	0	0	0	0	1
Bac269	0	0	0	0	0	0	0	0	0	0
Bac27	4	0	2	0	1	0	4	1	4	0
Bac270	0	0	0	0	0	0	0	0	0	0
Bac271	0	0	0	0	0	0	0	0	0	0
Bac273	0	0	0	0	0	0	0	0	0	0
Bac275	0	1	1	0	1	0	2	1	2	1
Bac277	0	0	0	0	0	0	0	0	0	0
Bac278	0	0	0	0	0	0	0	0	0	0
Bac279	0	0	0	0	0	1	1	4	1	1
Bac28	51	9	16	3	30	2	24	5	53	6
Bac280	0	0	0	0	0	0	0	0	0	0
Bac281	0	0	0	0	0	0	0	0	0	0
Bac282	0	0	0	0	0	0	0	0	0	0
Bac284	0	0	0	0	1	0	0	0	0	0
Bac286	0	0	0	0	0	0	0	0	0	0
Bac287	0	0	0	0	0	0	0	0	0	0
Bac288	0	4	0	3	0	1	0	0	0	3
Bac289	0	19	0	2	0	3	0	2	0	0
Bac29	60	91	36	47	80	73	24	63	92	52
Bac290	0	0	0	0	0	0	0	0	0	0
Bac291	0	0	0	0	0	0	0	0	0	0
Bac292	2	2	0	0	0	0	2	0	1	0
Bac293	0	0	0	0	0	0	0	0	0	0
Bac294	0	0	0	0	0	0	0	0	0	0
Bac295	0	0	0	0	0	0	0	0	0	0
Bac297	1	0	1	0	4	0	0	0	1	0
Bac299	0	0	0	0	0	0	0	0	0	0
Bac3	641	627	207	210	513	270	281	287	901	160
Bac30	2	5	0	12	0	46	0	900	0	7
Bac301	0	0	0	0	0	0	0	0	0	0
Bac303	0	0	0	0	0	0	0	0	0	0
Bac305	1	0	1	1	1	0	0	1	1	0
Bac31	23	4	9	1	17	0	19	4	32	2
Bac310	0	0	0	0	0	0	0	0	0	0
Bac311	0	0	0	1	1	0	0	0	5	1
Bac312	0	0	0	0	0	0	0	0	0	0
Bac313	0	0	0	0	0	0	0	0	0	0
Bac316	0	0	0	0	0	0	1	0	0	0
Bac317	0	0	0	0	0	0	0	0	0	0
Bac318	0	0	0	0	0	0	0	0	0	0
Bac319	0	0	0	0	1	0	0	0	1	0
Bac32	111	31	38	19	108	48	76	35	198	35
Bac321	0	0	0	0	2	1	0	2	1	0
Bac322	1	0	1	0	10	0	1	1	2	0
Bac324	0	0	0	0	0	0	0	0	0	0
Bac326	0	0	0	0	0	0	0	0	0	0
Bac327	0	0	0	0	0	0	0	0	0	0
Bac33	9	22	4	10	59	26	9	15	20	7
Bac330	0	0	0	1	0	0	0	0	0	1
Bac331	3	0	0	1	0	2	0	1	0	1
Bac334	0	0	0	0	0	0	0	0	0	0
Bac335	0	0	0	0	0	0	0	0	0	0
Bac336	0	1	0	0	0	0	2	0	0	0
Bac337	0	0	0	0	0	0	1	0	0	0
Bac338	0	0	0	0	0	0	0	0	0	0
Bac339	0	0	0	0	0	0	0	0	0	0
Bac34	116	58	79	16	249	3	120	17	219	32
Bac344	6	41	9	27	9	8	6	15	20	17
Bac345	0	0	2	0	1	0	0	0	0	0
Bac346	0	0	0	0	0	0	0	0	0	0
Bac348	0	0	0	0	0	0	0	0	0	0
Bac349	0	0	0	0	0	0	0	0	0	0
Bac35	0	0	0	0	0	0	0	0	0	0
Bac350	0	0	0	0	0	0	0	0	0	0
Bac351	0	0	0	0	0	0	0	0	0	0
Bac353	0	0	0	0	0	0	0	0	0	0
Bac354	2	0	0	0	0	0	0	0	1	0
Bac355	2	0	2	0	4	0	1	1	2	1
Bac356	0	0	0	0	0	0	0	0	0	0
Bac357	0	0	0	0	3	0	0	0	1	0
Bac361	0	0	0	0	0	0	0	0	0	0
Bac365	0	0	0	0	0	0	0	0	0	0
Bac368	0	0	0	0	0	0	0	0	0	0
Bac369	3	1	0	1	1	1	1	0	5	0
Bac37	9	5	3	2	13	2	10	1	18	3
Bac371	0	0	0	1	2	0	0	1	0	1
Bac372	0	0	0	0	0	0	0	0	0	0
Bac373	0	0	0	0	0	0	0	0	1	0
Bac375	0	1	0	0	1	2	0	0	1	0
Bac376	0	0	0	0	0	0	0	0	0	0
Bac378	0	0	0	0	0	0	0	0	0	0
Bac38	36	24	12	13	29	33	17	20	38	35
Bac381	0	0	0	0	0	0	0	0	0	0
Bac382	0	3	0	0	0	2	0	1	0	1
Bac383	0	0	0	0	0	0	0	0	0	0
Bac388	0	0	0	0	0	0	0	3	0	0
Bac389	0	0	0	0	0	0	0	0	0	0
Bac39	77	119	23	43	62	32	36	46	111	59
Bac390	0	0	0	0	1	0	0	0	0	0
Bac392	0	0	0	0	0	0	0	0	0	0
Bac393	0	0	0	0	0	0	0	0	0	0
Bac394	0	0	0	0	0	0	0	0	0	0
Bac396	0	0	0	0	0	0	0	0	0	0
Bac4	163	74	58	59	139	85	108	62	210	91
Bac40	9	4	2	1	21	0	6	1	14	0
Bac400	0	0	5	0	1	0	1	0	0	0
Bac401	1	0	0	0	0	1	0	0	0	0
Bac402	0	0	0	0	0	0	0	0	0	1
Bac403	1	0	0	0	0	0	1	0	2	0
Bac404	0	0	0	0	0	0	0	0	0	0
Bac405	0	0	0	1	0	0	0	1	0	0
Bac406	1	0	1	0	0	1	0	1	4	0
Bac408	0	0	0	1	0	0	0	0	0	0
Bac410	0	0	0	0	0	0	0	0	0	0
Bac412	0	0	0	0	0	0	0	0	0	0
Bac413	0	0	0	0	0	0	0	0	0	0
Bac416	2	1	0	0	6	0	1	0	4	0
Bac417	0	0	0	0	0	0	0	0	0	0
Bac42	6	5	3	1	3	2	3	3	7	3
Bac421	0	0	0	0	0	0	0	0	0	0
Bac422	0	0	0	0	0	0	0	0	0	0
Bac423	6	2	3	0	2	0	2	1	6	1
Bac425	0	0	0	0	0	0	0	0	0	0
Bac426	0	0	0	0	0	1	0	0	0	0
Bac427	0	0	0	0	5	0	0	2	0	0
Bac428	0	0	0	0	0	0	0	0	0	0
Bac43	1	1	3	0	7	2	0	1	2	0
Bac430	0	0	0	0	1	0	0	0	0	0
Bac433	0	0	0	0	0	0	0	0	0	0
Bac44	20	24	22	18	69	35	46	39	74	30
Bac440	0	0	0	0	0	0	0	0	0	0
Bac441	0	0	0	0	0	0	0	0	0	0
Bac443	0	0	0	0	0	0	0	0	0	0
Bac444	0	0	0	0	0	0	0	0	0	0
Bac445	0	0	0	0	0	0	0	0	0	0
Bac45	60	50	27	41	183	178	55	57	92	52
Bac450	0	0	0	0	0	0	0	0	0	0
Bac451	0	1	0	0	0	0	0	0	2	1
Bac452	0	0	0	0	0	0	0	0	0	0
Bac454	0	0	0	0	0	0	0	0	0	0
Bac46	0	0	0	0	11	1	1	0	0	2
Bac460	0	1	0	1	0	0	0	0	0	1
Bac462	0	0	0	0	0	0	0	0	0	0
Bac463	2	0	0	0	0	0	0	0	0	0
Bac465	0	0	0	0	0	0	0	0	0	0
Bac467	0	0	0	0	0	0	0	0	0	0
Bac468	0	0	0	0	0	0	0	0	0	0
Bac469	0	0	0	0	0	0	0	0	0	0
Bac47	9	1	3	0	13	3	10	2	25	2
Bac470	0	0	0	0	0	0	0	0	0	0
Bac472	0	0	0	0	0	0	0	0	0	0
Bac475	0	0	0	0	0	0	0	2	0	0
Bac476	1	0	0	0	0	0	0	0	1	0
Bac479	0	19	0	3	0	6	0	5	1	7
Bac48	12	2	22	1	33	5	16	249	16	3
Bac480	0	0	0	0	0	0	0	0	0	0
Bac481	0	0	0	0	0	0	0	0	0	0
Bac482	0	0	1	0	0	0	0	1	0	0
Bac484	0	0	0	0	0	0	0	0	0	0
Bac490	0	0	0	0	0	0	0	0	0	0
Bac491	0	0	1	0	0	0	0	0	0	0
Bac493	0	0	0	0	0	1	0	7	0	0
Bac495	0	0	0	0	0	0	0	0	0	0
Bac496	0	0	1	2	2	0	0	0	1	0
Bac499	0	0	0	0	0	0	0	0	0	0
Bac50	1	5	0	0	0	4	0	0	2	0
Bac500	0	0	0	0	0	0	0	0	0	0
Bac504	0	0	0	0	0	0	0	3	0	0
Bac505	0	0	0	0	0	0	0	0	0	0
Bac506	0	1	0	0	0	0	0	0	1	2
Bac507	0	0	0	0	0	0	0	8	0	0
Bac51	6	0	1	0	3	0	1	1	3	0
Bac513	0	0	0	0	0	0	0	0	0	0
Bac514	0	0	0	0	0	0	0	0	0	0
Bac515	0	0	0	0	0	0	0	0	0	0
Bac517	0	0	0	0	3	0	0	0	0	0
Bac518	0	0	0	0	0	0	0	0	0	0
Bac522	0	0	0	0	0	0	0	0	0	0
Bac524	0	0	0	0	1	0	0	0	1	0
Bac525	0	0	0	0	0	0	0	0	0	0
Bac526	0	0	0	0	0	0	0	0	0	0
Bac527	1	0	1	0	0	0	0	0	0	0
Bac528	16	7	5	3	34	25	4	11	29	5
Bac529	0	0	0	0	0	1	0	4	0	0
Bac53	121	48	44	37	200	52	105	67	259	38
Bac530	0	0	0	0	0	0	0	0	0	0
Bac531	0	0	0	0	0	0	0	0	0	0
Bac532	0	0	0	0	0	0	0	0	2	1
Bac54	151	108	62	22	172	9	73	33	277	44
Bac55	7	5	1	2	7	2	3	1	8	0
Bac56	1	2	1	0	3	3	0	3	2	1
Bac57	26	5	10	1	24	1	11	2	33	1
Bac59	4	5	6	1	10	1	3	6	12	4
Bac6	117	230	43	114	139	168	76	130	168	117
Bac60	27	14	10	6	34	5	31	13	72	22
Bac61	64	97	30	21	81	4	53	26	101	31
Bac64	3	3	2	3	1	1	4	3	7	3
Bac66	18	2	3	1	23	2	13	3	35	1
Bac68	39	15	8	3	28	1	26	5	63	4
Bac69	2	0	2	1	0	0	3	1	12	0
Bac7	109	94	56	18	187	38	102	44	222	65
Bac70	3	0	2	0	22	0	3	0	17	1
Bac73	1	3	1	3	4	2	2	6	2	6
Bac74	15	5	12	1	31	3	18	4	35	1
Bac76	5	2	1	0	5	1	2	0	4	3
Bac77	0	0	0	0	1	0	0	0	2	0
Bac78	2	2	0	0	1	0	1	0	0	0
Bac8	362	720	132	440	510	307	232	317	507	421
Bac80	0	0	1	0	0	0	0	0	0	0
Bac81	0	0	0	0	0	0	0	0	5	0
Bac82	0	0	0	0	0	0	0	0	0	0
Bac83	1	2	1	0	2	0	1	0	0	0
Bac84	0	0	0	0	0	0	0	0	0	0
Bac85	0	1	0	1	0	2	0	92	0	3
Bac86	12	63	4	32	17	34	9	42	11	42
Bac87	0	0	0	0	0	0	0	0	0	0
Bac9	262	698	81	192	288	193	187	194	422	364
Bac90	0	0	0	0	0	0	0	0	0	0
Bac91	0	1	0	1	0	0	1	1	1	3
Bac93	3	0	3	0	13	3	6	125	2	3
Bac94	0	3	0	1	4	8	1	180	1	1
Bac95	0	0	0	0	0	0	0	1	0	0
Bac96	7	12	4	5	17	9	4	7	10	4
Bac97	1	0	1	2	3	1	2	1	1	0
Bac99	41	15	16	5	53	9	41	5	60	5
